training_images/positive/017bed38-pos-96.png 3 3 48 115 198 264 51 87 227 349 65 69 176
training_images/positive/0dc26720-pos-62.png 5 109 0 89 160 23 6 59 129 290 90 87 163 412 66 70 120 468 68 51 150
training_images/positive/0df03b2b-pos-68.png 6 1 28 44 88 116 32 61 101 39 91 61 108 205 63 49 86 300 92 66 120 181 152 65 96
training_images/positive/0f2dff5e-pos-80.png 4 204 17 56 111 247 52 64 124 429 53 70 154 310 19 47 114
training_images/positive/10a8020b-pos-89.png 5 204 12 94 192 286 40 77 123 117 58 67 146 150 25 58 116 5 49 78 117
training_images/positive/10ffc632-pos-52.png 5 315 18 107 160 164 59 62 95 206 106 81 161 31 36 68 131 0 121 75 142
training_images/positive/11933b41-pos-90.png 8 262 123 72 109 150 121 56 93 105 40 67 85 200 0 42 96 241 54 63 69 9 110 89 75 11 1 62 78 128 6 46 46
training_images/positive/12984d72-pos-21.png 7 111 60 85 129 275 182 107 152 434 152 82 135 371 58 48 108 326 4 76 76 213 36 66 111 470 10 45 105
training_images/positive/14bcaaeb-pos-74.png 6 450 43 58 126 296 48 66 92 145 107 81 97 34 147 103 102 128 240 69 101 274 146 85 105
training_images/positive/16881d98-pos-72.png 7 270 126 86 111 72 71 87 87 169 17 47 87 222 53 55 88 157 146 65 83 68 8 70 61 0 152 86 89
training_images/positive/180f572a-pos-6.png 9 375 86 71 91 309 46 66 80 376 4 40 69 265 164 56 79 123 124 63 85 210 50 62 74 256 0 34 48 128 30 50 79 155 0 47 52
training_images/positive/1882a68e-pos-9.png 5 337 35 78 175 151 34 60 153 76 49 85 153 277 9 62 141 456 26 58 148
training_images/positive/1f299da3-pos-40.png 6 316 15 106 170 470 2 49 134 248 0 55 102 165 71 97 206 103 58 85 152 1 0 84 128
training_images/positive/200cf3de-pos-7.png 10 426 207 90 100 394 66 85 97 333 8 60 80 302 91 58 78 186 170 66 84 160 111 56 67 48 89 72 80 79 5 49 73 206 30 60 63 273 3 43 46
training_images/positive/22874bb5-pos-78.png 4 90 3 90 182 319 66 68 151 404 35 72 127 174 35 50 143
training_images/positive/22d9c57c-pos-58.png 5 381 1 54 102 270 14 52 107 328 94 58 122 157 109 63 129 68 208 108 114
training_images/positive/240d8c76-pos-30.png 6 329 102 86 115 353 0 61 68 0 38 51 111 52 91 100 121 87 6 73 85 200 32 80 105
training_images/positive/249ccc0b-pos-25.png 9 7 42 97 124 76 0 63 93 157 137 76 130 328 68 61 124 222 23 71 88 306 0 48 76 380 18 56 107 381 13 8 5 452 41 67 129
training_images/positive/26f47ae0-pos-91.png 10 147 59 56 96 170 153 89 170 301 69 48 124 364 84 70 122 448 72 51 105 338 22 46 89 394 6 48 74 285 0 49 64 219 35 62 92 186 1 48 62
training_images/positive/2704cd58-pos-83.png 8 14 86 97 101 110 151 80 155 114 5 54 116 188 64 54 109 299 11 48 92 401 68 73 119 316 158 94 127 192 5 61 60
training_images/positive/2e89918a-pos-44.png 6 284 48 90 197 407 3 111 278 362 12 51 169 88 41 82 155 203 42 48 121 174 1 51 112
training_images/positive/322ab56d-pos-98.png 5 383 22 84 161 218 14 75 93 145 63 59 97 88 162 91 179 92 39 45 102
training_images/positive/32dfdfdc-pos-11.png 6 408 46 68 102 302 73 71 98 230 37 66 93 134 99 76 109 0 88 79 119 297 181 94 91
training_images/positive/33375117-pos-5.png 10 295 122 65 83 292 17 61 77 216 17 46 81 144 85 66 91 164 189 83 82 58 127 65 78 22 78 44 73 97 8 38 76 10 2 55 46 199 2 35 33
training_images/positive/374a0f58-pos-18.png 8 1 140 144 166 162 116 95 128 159 42 76 69 263 40 68 129 334 1 54 109 472 37 47 108 383 105 60 133 468 166 50 169
training_images/positive/37e4cd64-pos-19.png 8 133 44 90 120 71 153 141 186 187 114 92 149 254 39 51 122 297 1 39 95 364 198 106 138 372 78 76 126 424 18 74 97
training_images/positive/3de732f6-pos-61.png 5 171 0 61 152 226 88 94 172 300 45 68 130 408 35 54 61 391 90 121 238
training_images/positive/432380e6-pos-50.png 5 224 45 98 177 100 76 90 135 30 22 60 76 167 3 53 80 0 77 56 98
training_images/positive/44c57ac3-pos-33.png 5 446 104 73 141 130 47 73 117 169 169 97 141 310 96 61 131 20 7 83 109
training_images/positive/465b00df-pos-54.png 6 304 88 87 100 184 75 57 90 58 70 82 80 34 152 95 100 207 173 79 92 458 178 61 113
training_images/positive/47a5fdc9-pos-41.png 5 325 29 102 173 401 6 86 145 106 49 110 211 0 3 79 155 218 9 78 83
training_images/positive/48a158ab-pos-12.png 7 327 10 54 80 441 65 63 80 181 54 72 81 0 141 61 98 179 169 81 76 363 239 98 92 92 225 86 83
training_images/positive/4bbafe55-pos-46.png 5 93 30 88 172 163 12 76 157 301 72 91 150 396 30 55 135 222 0 45 52
training_images/positive/4df827cc-pos-23.png 9 114 101 67 121 114 5 51 89 210 0 51 66 171 58 66 111 311 99 69 123 427 131 87 136 400 6 70 109 345 0 47 69 302 23 51 73
training_images/positive/4f50cf84-pos-56.png 5 420 35 74 98 285 40 67 93 146 116 80 98 66 181 75 98 297 146 63 92
training_images/positive/4f63be06-pos-22.png 9 103 78 72 134 191 56 68 106 297 102 61 132 336 34 44 69 275 0 44 69 400 0 55 88 376 141 126 173 152 0 60 77 449 30 65 103
training_images/positive/50a55f24-pos-27.png 7 4 100 71 141 223 138 94 145 143 104 66 121 68 0 58 88 307 56 46 100 394 0 83 110 201 2 42 71
training_images/positive/52207cc0-pos-100.png 6 444 15 52 97 273 24 57 85 139 43 63 84 19 129 64 94 144 142 73 82 292 217 57 91
training_images/positive/55b19fb1-pos-26.png 8 0 61 85 131 186 144 75 144 134 90 63 133 145 0 51 76 205 24 35 97 258 0 49 76 313 59 77 114 421 19 93 122
training_images/positive/5a2c4574-pos-20.png 7 126 57 76 106 162 169 110 165 242 42 42 75 260 5 54 71 376 72 72 119 391 7 68 58 392 187 113 141
training_images/positive/5ccd78cf-pos-17.png 7 366 5 59 108 183 41 71 92 4 90 94 183 141 96 95 134 280 48 71 125 360 114 90 134 412 210 99 126
training_images/positive/643edc99-pos-94.png 5 27 35 101 168 107 14 70 146 190 21 38 99 398 88 79 157 225 96 104 178
training_images/positive/64b3526d-pos-97.png 6 393 54 113 211 337 17 81 155 277 37 54 106 126 28 57 121 24 75 86 168 4 25 29 103
training_images/positive/64daddfb-pos-51.png 4 292 46 122 156 115 97 99 158 132 22 59 67 21 58 87 126
training_images/positive/653b46f6-pos-88.png 7 110 2 66 175 168 33 39 97 200 39 40 126 318 64 100 152 442 41 77 125 279 2 48 84 402 11 49 95
training_images/positive/66295b5d-pos-24.png 9 73 15 51 109 135 117 54 121 162 71 57 101 162 0 44 63 275 19 42 105 321 88 73 115 374 0 39 93 412 42 73 112 456 81 63 143
training_images/positive/680dcb83-pos-73.png 3 133 43 87 162 229 80 114 188 336 0 99 172
training_images/positive/6cfb6dff-pos-39.png 5 231 80 97 202 111 65 90 170 30 0 72 114 395 3 94 111 295 7 80 146
training_images/positive/6d8b2f16-pos-64.png 6 68 25 53 96 153 96 50 123 299 85 59 108 350 25 58 108 265 20 48 92 147 12 54 48
training_images/positive/70f3cc82-pos-86.png 7 277 93 48 64 287 17 51 62 210 14 53 64 106 40 68 50 47 81 75 73 162 109 66 60 98 0 22 37
training_images/positive/71482f47-pos-4.png 6 325 33 58 151 230 13 57 67 187 78 136 209 51 73 102 150 2 80 32 195 130 36 46 116
training_images/positive/716a7f9a-pos-76.png 7 46 20 66 93 131 66 80 100 233 46 55 85 320 7 39 76 233 5 61 45 397 118 71 105 462 12 57 87
training_images/positive/72338576-pos-57.png 5 437 24 72 115 294 23 54 97 148 104 66 109 35 148 84 134 293 121 88 126
training_images/positive/7239f2ba-pos-67.png 7 236 134 65 107 133 116 77 92 13 79 77 83 54 0 59 63 183 5 38 49 228 8 48 78 127 27 72 81
training_images/positive/727d22cd-pos-10.png 5 0 0 131 285 174 46 92 192 328 5 42 112 262 33 75 138 368 109 147 226
training_images/positive/793f80a0-pos-65.png 5 306 57 75 146 376 18 56 126 37 28 65 124 119 6 82 182 258 9 61 138
training_images/positive/7a6ddb6a-pos-93.png 4 2 46 80 178 250 53 75 230 339 85 51 160 422 29 59 94
training_images/positive/7b561e6b-pos-8.png 6 91 54 81 143 357 87 147 220 256 78 106 147 198 36 54 138 297 3 60 74 446 6 58 77
training_images/positive/7eb2d993-pos-35.png 3 63 78 158 223 298 40 116 191 58 0 45 104
training_images/positive/81092ca3-pos-31.png 7 67 126 88 134 15 42 84 93 160 4 34 64 177 32 65 114 256 116 74 136 328 81 75 99 333 185 124 159
training_images/positive/86d4e30c-pos-82.png 7 54 119 88 129 88 23 65 109 195 0 67 101 287 0 56 86 367 40 59 100 427 137 69 138 304 134 81 107
training_images/positive/8aee0ba1-pos-29.png 9 417 0 82 100 290 0 35 66 151 6 61 94 75 68 65 116 36 10 80 58 184 123 83 141 318 116 83 130 83 187 97 156 241 29 68 107
training_images/positive/8d68d3e2-pos-87.png 7 0 99 35 114 153 104 61 103 138 5 37 91 383 56 62 83 313 111 59 93 296 25 54 71 186 1 65 76
training_images/positive/9155dd10-pos-1.png 10 66 11 66 104 140 0 46 48 242 8 65 93 299 67 56 112 376 192 123 143 407 75 98 102 377 28 54 90 335 0 44 63 147 111 56 100 151 54 72 56
training_images/positive/91a09239-pos-16.png 5 396 17 74 100 207 30 73 107 296 51 66 124 117 71 96 126 0 74 72 155
training_images/positive/91efb4c5-pos-2.png 6 365 67 99 167 294 54 73 128 164 0 85 164 282 0 60 51 408 0 53 63 484 24 31 132
training_images/positive/96d8d7f8-pos-77.png 6 84 56 70 97 169 9 55 93 231 58 61 78 156 141 58 89 280 139 66 101 3 139 87 92
training_images/positive/9b3ad8fe-pos-71.png 4 287 21 82 173 20 42 87 116 106 48 84 150 181 18 73 201
training_images/positive/9ef05aa4-pos-53.png 3 330 7 109 169 189 80 118 189 5 36 93 137
training_images/positive/a1213887-pos-48.png 7 90 18 110 143 0 22 71 109 314 66 66 178 447 55 66 157 393 37 53 127 360 2 53 84 220 18 72 92
training_images/positive/a22d0236-pos-49.png 4 10 31 77 122 140 43 76 163 309 64 63 131 233 8 65 123
training_images/positive/a62ccf6a-pos-42.png 4 340 37 70 177 85 66 80 163 164 37 45 150 197 3 41 87
training_images/positive/a8a185b8-pos-34.png 4 327 51 76 179 0 0 68 117 111 33 63 136 171 91 119 154
training_images/positive/a9a1a47d-pos-47.png 7 96 28 95 166 194 29 46 132 257 18 50 102 310 0 32 74 307 81 77 136 421 68 90 122 419 8 56 44
training_images/positive/acd924d3-pos-70.png 4 307 62 100 169 403 35 66 140 104 11 59 191 179 36 40 141
training_images/positive/aea1ab7a-pos-45.png 3 88 44 89 143 285 3 152 310 213 6 46 155
training_images/positive/b027983c-pos-95.png 4 16 35 89 145 113 47 105 226 304 91 78 187 455 89 54 106
training_images/positive/b1b9f5e7-pos-75.png 6 217 23 63 102 270 0 60 56 309 72 66 118 183 141 69 101 364 214 82 106 455 71 41 103
training_images/positive/b30bba08-pos-3.png 6 0 22 58 124 80 46 75 134 81 3 40 41 182 64 116 192 169 0 42 58 328 22 90 154
training_images/positive/b4dc7000-pos-59.png 6 402 0 54 114 275 0 51 129 157 96 49 138 43 148 100 172 338 76 66 136 260 222 104 118
training_images/positive/b9b4d444-pos-55.png 6 461 101 58 116 303 66 68 90 155 102 73 85 39 128 87 82 88 214 76 101 255 158 73 100
training_images/positive/bac8add7-pos-84.png 4 134 48 70 148 325 10 82 165 212 73 87 167 0 37 80 155
training_images/positive/c230b2ae-pos-37.png 5 9 52 98 169 226 76 155 259 354 54 98 174 333 3 70 76 186 5 76 138
training_images/positive/c6d628e5-pos-15.png 3 426 29 80 128 100 63 108 151 232 35 65 106
training_images/positive/cae31833-pos-79.png 7 167 38 75 131 116 0 40 95 79 0 30 86 430 52 80 122 373 1 55 85 286 34 61 90 254 18 37 94
training_images/positive/cb831b69-pos-13.png 5 391 76 60 90 459 198 56 98 42 127 75 84 22 25 71 82 249 53 49 73
training_images/positive/ccfc88be-pos-85.png 7 283 68 75 106 203 12 67 87 83 29 66 97 10 53 66 102 144 78 54 101 190 111 70 115 5 202 95 121
training_images/positive/d4309d8e-pos-36.png 7 398 68 121 250 270 71 89 181 364 42 59 143 158 18 76 133 253 0 56 73 25 64 112 116 1 27 42 137
training_images/positive/d7011848-pos-99.png 6 381 0 57 78 220 19 80 94 127 54 40 98 165 157 63 90 10 178 89 94 325 200 52 88
training_images/positive/ddf08fa5-pos-14.png 3 236 87 127 223 464 35 54 149 18 3 66 90
training_images/positive/e3f3e71a-pos-69.png 4 22 44 78 71 140 58 49 58 218 91 42 66 95 126 55 55
training_images/positive/e6a7d4be-pos-60.png 5 335 72 66 121 238 0 51 116 422 0 35 71 319 0 51 68 355 207 97 137
training_images/positive/e6dbca4a-pos-43.png 4 321 28 83 194 245 2 61 84 390 0 57 108 460 11 53 136
training_images/positive/ea090929-pos-66.png 4 222 21 61 196 32 23 46 82 160 10 58 94 86 46 85 171
training_images/positive/ec64070c-pos-81.png 5 108 80 111 172 262 5 71 111 376 23 51 104 371 132 123 195 322 49 46 132
training_images/positive/eca89f7b-pos-28.png 8 0 22 61 97 5 138 98 157 164 114 64 129 273 131 97 131 346 0 62 87 225 0 46 93 118 41 48 117 271 34 70 96
training_images/positive/f3a317da-pos-92.png 6 219 82 133 237 402 27 97 176 335 10 53 89 231 13 38 66 179 49 40 113 101 49 60 152
training_images/positive/f4d982d4-pos-38.png 4 331 56 110 192 429 0 49 99 60 80 118 248 191 78 74 174
training_images/positive/f74c01eb-pos-63.png 9 0 39 68 122 119 59 72 128 309 105 56 114 199 43 59 108 405 63 61 116 474 29 42 100 399 0 48 64 257 5 37 83 162 6 54 80
training_images/positive/ff7b07cb-pos-32.png 6 408 143 111 171 287 114 78 127 157 44 59 110 100 13 43 71 1 61 65 148 93 146 117 147
